108
126
67
37
228
138
154
104
234
178
200
147
175
22
48
33
30
222
31
72
55
221
119
2
104
98
68
189
174
109
68
94
220
93
15
56
24
190
110
186
211
123
37
236
174
84
153
70
1
99
198
161
234
116
109
56
164
231
63
181
53
124
105
53
7
69
181
216
156
253
15
95
22
164
32
217
13
15
239
123
39
67
75
215
58
128
214
152
67
27
211
128
241
117
53
5
76
45
126
91
182
7
83
69
220
169
108
251
177
33
178
45
106
2
199
216
72
23
98
231
74
108
205
54
75
97
219
80
31
19
235
73
171
114
5
65
193
85
61
86
232
176
190
75
28
49
79
73
112
24
55
108
191
40
84
35
42
228
97
90
63
171
229
241
2
63
10
128
129
62
180
7
197
1
225
33
104
242
78
154
79
158
176
243
97
246
196
197
130
228
228
143
177
25
171
93
45
139
121
167
119
127
50
92
60
192
197
38
34
149
20
238
53
111
125
130
62
66
156
235
95
14
91
109
16
158
56
239
137
45
161
175
131
114
8
56
180
244
212
71
247
229
75
78
205
163
143
171
174
126
235
90
238
54
107
227
121
149
219
156
157
114
17
184
191
131
15
221
138
174
218
143
107
110
21
85
146
110
1
64
179
181
127
101
95
168
0
56
191
18
192
12
2
254
125
180
254
82
129
174
146
15
37
111
139
143
17
158
62
77
0
174
125
113
8
72
204
90
61
177
251
44
12
103
88
86
59
40
14
1
129
245
163
158
151
210
100
33
253
146
50
46
253
144
251
237
205
154
120
146
34
41
164
11
62
13
195
0
59
89
103
35
103
46
210
14
113
98
70
35
86
231
127
218
33
160
49
215
80
131
55
40
214
141
33
11
221
40
114
59
226
108
22
145
121
215
228
199
124
72
177
16
144
67
197
90
218
97
203
123
218
153
97
92
128
193
65
117
22
19
217
107
184
227
17
180
146
87
58
195
212
102
38
1
105
88
208
107
137
103
153
185
76
96
195
129
134
6
44
121
99
255
224
101
113
76
103
166
87
236
10
36
204
249
16
253
147
3
186
218
204
9
24
243
135
92
109
179
125
128
127
249
46
229
2
48
254
199
86
104
81
254
183
10
65
184
238
81
196
35
125
13
15
159
195
104
95
33
86
158
147
192
10
0
118
33
161
107
75
31
206
32
166
18
93
253
12
226
78
113
150
68
33
226
86
210
9
44
247
216
110
215
89
138
232
220
191
43
58
15
164
76
120
122
178
210
71
221
190
133
126
228
138
143
220
100
65
241
52
47
246
207
237
136
237
56
191
232
42
21
164
28
34
251
234
94
164
51
127
120
147
7
202
36
226
201
184
89
52
189
65
210
193
18
136
30
48
164
107
82
27
206
126
175
137
28
71
252
15
51
127
90
202
65
79
42
26
24
61
137
186
156
87
47
1
149
53
206
130
31
95
244
46
28
151
51
43
135
26
72
148
25
128
110
145
245
65
230
6
255
241
118
87
68
200
195
110
154
71
101
59
20
11
154
255
209
27
126
229
232
2
158
249
84
251
216
75
216
72
116
93
44
181
90
249
205
171
201
115
52
207
160
90
89
216
174
83
207
4
51
111
241
46
254
63
20
217
106
183
69
250
131
67
224
106
141
22
109
202
173
28
45
250
76
240
109
17
196
99
154
117
91
231
32
10
102
121
217
17
98
133
230
77
228
163
244
115
39
113
53
56
158
82
20
137
169
131
173
67
133
174
206
8
196
129
224
140
208
237
80
150
32
82
189
128
17
154
160
215
19
246
100
211
228
152
124
233
127
139
210
194
170
244
93
224
239
110
91
135
219
215
186
226
144
164
121
247
23
0
228
53
250
142
144
158
16
173
56
44
242
93
185
4
2
94
38
210
69
4
5
167
21
237
16
18
86
170
162
106
129
65
249
105
166
94
147
37
61
66
169
16
238
54
87
110
39
109
4
166
10
50
122
141
244
183
44
32
69
219
238
182
51
20
239
82
202
41
189
47
188
62
97
99
223
81
190
168
177
115
236
205
43
104
41
53
237
102
147
35
21
177
53
178
83
47
159
140
210
80
25
203
39
156
250
112
163
85
35
110
55
240
184
131
120
4
67
7
191
67
28
95
56
139
116
251
59
136
86
9
44
208
170
164
247
119
63
119
161
74
217
205
165
157
21
113
6
28
21
242
49
132
147
166
229
129
30
80
183
160
92
254
75
99
52
198
2
138
39
221
160
204
38
67
11
90
87
123
34
36
135
138
110
196
203
204
173
240
246
19
130
192
28
174
56
29
215
36
100
64
157
71
53
126
194
56
4
127
202
134
228
123
180
101
100
123
24
177
231
16
227
229
140
91
85
11
38
83
100
76
211
123
208
233
55
140
174
23
235
25
58
205
214
96
74
82
103
86
216
82
33
116
197
231
249
113
127
182
215
158
239
86
163
1
98
159
144
21
59
222
38
79
27
182
1
247
184
204
173
188
156
19
187
227
165
89
105
200
167
183
155
206
2
246
226
29
119
243
29
167
150
3
68
201
35
59
191
155
75
206
247
181
134
155
165
204
10
186
124
31
32
134
106
57
22
157
129
133
17
168
223
197
136
87
2
199
48
114
145
230
193
64
239
213
243
65
160
61
205
248
188
87
222
59
44
131
58
170
180
26
152
59
91
251
58
186
33
41
100
40
159
107
45
243
207
78
29
42
156
21
218
173
68
101
219
60
168
135
146
144
45
178
114
247
176
25
75
255
161
67
42
99
202
150
216
149
137
34
189
94
63
116
9
218
8
81
239
56
134
15
51
227
150
16
60
128
255
247
132
116
159
214
246
21
18
105
75
124
4
165
246
63
34
186
201
157
115
154
60
53
146
216
133
95
38
20
101
130
14
42
138
21
88
135
107
219
93
177
109
85
132
192
157
85
140
93
112
8
147
206
227
75
63
64
70
140
242
241
24
53
193
0
206
52
80
141
43
159
238
122
214
155
29
29
140
198
71
212
197
43
210
219
229
85
2
46
208
95
150
130
206
234
49
221
250
71
65
0
254
125
167
27
224
150
7
68
59
111
200
50
139
178
242
116
34
124
74
114
172
148
108
141
41
109
235
13
123
96
207
60
192
137
112
146
152
71
108
169
52
126
211
152
41
105
42
241
27
239
166
145
5
235
183
18
23
108
247
223
149
85
24
31
21
238
21
179
128
165
245
70
135
236
254
242
90
165
29
82
220
144
14
164
109
100
182
86
80
82
193
17
57
223
110
22
213
120
53
218
153
171
120
124
153
1
34
113
188
127
34
167
75
174
212
187
163
2
162
164
170
171
69
116
231
33
5
165
10
104
177
64
138
117
158
15
210
93
129
222
220
0
38
39
95
135
99
38
9
112
80
205
78
251
98
247
105
47
93
12
201
191
247
82
202
69
226
26
107
56
45
32
126
180
40
10
149
254
204
197
118
139
68
28
52
18
176
102
247
206
50
59
169
193
88
109
110
139
82
208
236
8
98
138
7
233
110
247
109
168
220
126
55
239
106
90
144
73
1
96
232
65
205
191
143
219
164
254
213
137
49
176
169
177
243
190
18
194
8
37
204
197
189
145
202
209
80
56
213
12
223
116
179
60
115
159
192
225
192
142
207
121
134
27
44
232
247
73
166
79
140
174
174
58
77
19
47
85
118
180
16
126
168
160
191
42
81
170
195
140
23
84
26
93
107
119
67
148
137
250
74
101
29
92
32
205
84
190
72
128
47
210
94
96
102
158
219
221
96
48
187
51
241
110
222
11
189
175
96
188
178
48
15
245
63
183
58
129
123
160
67
102
198
235
163
245
117
50
184
145
239
40
214
224
226
28
188
65
187
137
179
105
142
112
207
198
160
191
186
76
165
208
184
160
146
225
77
220
9
235
30
94
187
7
29
85
119
187
206
81
157
21
246
124
120
6
227
201
106
106
179
208
215
53
193
64
222
108
116
0
111
40
27
132
226
97
91
202
152
96
100
160
25
181
83
121
11
102
109
242
99
237
188
41
255
26
115
248
61
47
104
197
131
225
88
165
143
198
251
76
189
98
48
21
84
184
182
248
197
109
54
70
190
188
90
153
127
158
74
94
149
83
91
46
226
69
89
201
36
133
209
140
123
190
19
217
182
158
244
25
153
164
9
145
2
242
74
229
78
175
44
67
161
234
56
77
55
17
173
166
87
78
155
16
168
58
52
20
7
72
206
237
122
181
250
208
16
145
177
243
10
94
196
143
40
228
145
233
54
138
20
9
58
117
37
109
109
76
199
104
98
208
115
26
86
129
252
113
233
132
33
79
22
16
230
189
88
204
235
66
99
250
162
102
134
76
246
221
55
226
110
183
182
83
63
32
61
81
146
46
217
241
117
228
65
251
49
66
9
244
175
51
118
163
80
154
61
102
221
64
138
130
24
233
242
206
188
12
160
170
163
72
28
246
231
192
87
223
51
161
176
157
14
21
197
110
102
121
115
212
55
145
223
141
161
177
241
69
197
39
63
239
73
114
123
86
223
180
230
239
104
204
168
115
123
42
18
217
9
145
78
183
100
140
151
35
191
63
12
150
50
210
113
158
67
222
26
108
227
70
238
75
228
59
140
163
94
223
13
24
126
72
245
196
192
46
202
247
189
11
222
67
66
130
87
143
228
241
7
186
190
9
175
90
59
105
66
173
187
127
175
4
104
84
95
3
152
84
9
191
136
218
116
170
177
243
52
210
119
45
88
175
243
108
178
234
165
193
103
11
109
58
233
176
187
170
34
199
129
255
161
195
80
220
17
91
204
115
72
67
35
143
189
34
83
118
154
184
1
16
81
56
142
16
96
135
42
100
71
37
90
36
129
93
158
164
195
185
171
12
87
186
36
59
151
99
21
213
165
15
76
177
23
59
237
43
244
124
226
111
61
162
189
68
52
23
79
123
77
151
181
192
62
201
211
23
115
218
203
84
221
190
183
137
250
75
5
93
100
159
198
57
1
210
154
30
183
229
111
47
4
0
150
198
175
63
120
142
33
250
14
248
33
47
76
159
185
135
81
28
155
221
128
21
184
33
83
82
238
95
202
143
145
162
218
216
199
209
6
198
84
123
65
233
103
79
49
72
126
254
153
123
1
63
183
121
63
84
204
200
99
21
95
109
183
70
72
150
73
187
207
74
175
91
15
56
158
98
93
39
241
225
27
140
154
83
235
136
168
131
235
211
85
195
92
118
160
144
132
76
88
190
156
20
167
191
28
187
96
100
229
191
39
239
66
46
20
220
19
42
46
24
243
125
167
191
51
69
124
198
6
190
43
155
121
104
243
52
17
92
65
60
225
217
96
234
62
185
38
130
61
188
125
3
110
104
89
235
44
51
11
21
159
142
152
59
82
228
55
253
60
30
44
35
135
190
146
57
227
14
221
215
166
23
25
117
195
248
143
191
54
122
69
77
201
195
109
213
243
143
39
201
240
173
138
215
220
87
105
133
253
170
153
53
42
226
224
59
218
156
141
11
229
156
27
178
136
117
109
62
252
6
79
241
199
53
10
226
231
156
48
70
54
158
30
247
174
13
149
162
171
164
243
77
145
67
229
68
191
214
82
249
227
131
73
102
47
152
133
68
46
73
44
26
165
179
209
253
74
37
33
244
122
